((1880000.0,1890000.0),165)
((1890000.0,1900000.0),25)
((1900000.0,1910000.0),20)
((1910000.0,1920000.0),27)
((1920000.0,1930000.0),143)
((1930000.0,1940000.0),27)
((1940000.0,1950000.0),31)
((1950000.0,1960000.0),19)
((1960000.0,1970000.0),47)
((1970000.0,1980000.0),394)
((1980000.0,1990000.0),60)
((1990000.0,2000000.0),17)
((2000000.0,2010000.0),6)
((2010000.0,2020000.0),481)
((2020000.0,2030000.0),72)
((2030000.0,2040000.0),21)
((2040000.0,2050000.0),11)
((2050000.0,2060000.0),5)
((2060000.0,2070000.0),13)
((2070000.0,2080000.0),12)
((2080000.0,2090000.0),133)
((2090000.0,2100000.0),7)
((2100000.0,2110000.0),11)
((2110000.0,2120000.0),18)
((2120000.0,2130000.0),7)
((2130000.0,2140000.0),5)
((2140000.0,2150000.0),8)
((2150000.0,2160000.0),100)
((2160000.0,2170000.0),23)
((2170000.0,2180000.0),12)
((2180000.0,2190000.0),7)
((2190000.0,2200000.0),8)
((2200000.0,2210000.0),20)
((2210000.0,2220000.0),18)
((2220000.0,2230000.0),45)
((2230000.0,2240000.0),3)
((2240000.0,2250000.0),8)
((2250000.0,2260000.0),375)
((2260000.0,2270000.0),21)
((2270000.0,2280000.0),2)
((2280000.0,2290000.0),5)
((2290000.0,2300000.0),14)
((2300000.0,2310000.0),12)
((2310000.0,2320000.0),12)
((2320000.0,2330000.0),3)
((2330000.0,2340000.0),6)
((2340000.0,2350000.0),5)
((2350000.0,2360000.0),12)
((2360000.0,2370000.0),9)
((2370000.0,2380000.0),15)
((2380000.0,2390000.0),4)
((2390000.0,2400000.0),3)
((2400000.0,2410000.0),3)
((2410000.0,2420000.0),30)
((2420000.0,2430000.0),7)
((2440000.0,2450000.0),22)
((2450000.0,2460000.0),5)
((2460000.0,2470000.0),41)
((2470000.0,2480000.0),7)
((2480000.0,2490000.0),1)
((2510000.0,2520000.0),227)
((2520000.0,2530000.0),1)
((2540000.0,2550000.0),1)
((2570000.0,2580000.0),2)
((2580000.0,2590000.0),2)
((2600000.0,2610000.0),9)
((2610000.0,2620000.0),1)
((2680000.0,2690000.0),3)
((2690000.0,2700000.0),62)
((2700000.0,2710000.0),9)
((2730000.0,2740000.0),1)
((2920000.0,2930000.0),3)
((2930000.0,2940000.0),6)
((2960000.0,2970000.0),1)
((2980000.0,2990000.0),1)
((3020000.0,3030000.0),1)
((3060000.0,3070000.0),1)
((3070000.0,3080000.0),1)
((3150000.0,3160000.0),9)
((3290000.0,3300000.0),1)
((3310000.0,3320000.0),1)
((3370000.0,3380000.0),4)
((3600000.0,3610000.0),2)
((3860000.0,3870000.0),1)
((3950000.0,3960000.0),1)
((4020000.0,4030000.0),1)
((4030000.0,4040000.0),1)
((4050000.0,4060000.0),8)
