((40000.0,50000.0),561)
((50000.0,60000.0),891)
((60000.0,70000.0),719)
((70000.0,80000.0),1226)
((80000.0,90000.0),668)
((90000.0,100000.0),1939)
((100000.0,110000.0),1871)
((110000.0,120000.0),1930)
((120000.0,130000.0),1323)
((130000.0,140000.0),4792)
((140000.0,150000.0),2239)
((150000.0,160000.0),3653)
((160000.0,170000.0),1919)
((170000.0,180000.0),2131)
((180000.0,190000.0),8745)
((190000.0,200000.0),1537)
((200000.0,210000.0),4017)
((210000.0,220000.0),1475)
((220000.0,230000.0),10013)
((230000.0,240000.0),3343)
((240000.0,250000.0),4206)
((250000.0,260000.0),6796)
((260000.0,270000.0),5186)
((270000.0,280000.0),10328)
((280000.0,290000.0),5728)
((290000.0,300000.0),3721)
((300000.0,310000.0),1766)
((310000.0,320000.0),6009)
((320000.0,330000.0),2248)
((330000.0,340000.0),3720)
((340000.0,350000.0),2462)
((350000.0,360000.0),1719)
((360000.0,370000.0),3200)
((370000.0,380000.0),1224)
((380000.0,390000.0),2579)
((390000.0,400000.0),1411)
((400000.0,410000.0),2789)
((410000.0,420000.0),1579)
((420000.0,430000.0),1050)
((430000.0,440000.0),1641)
((440000.0,450000.0),1471)
((450000.0,460000.0),13199)
((460000.0,470000.0),1196)
((470000.0,480000.0),2297)
((480000.0,490000.0),1655)
((490000.0,500000.0),5161)
((500000.0,510000.0),3701)
((510000.0,520000.0),2222)
((520000.0,530000.0),5496)
((530000.0,540000.0),2672)
((540000.0,550000.0),8587)
((550000.0,560000.0),2019)
((560000.0,570000.0),2139)
((570000.0,580000.0),1832)
((580000.0,590000.0),2375)
((590000.0,600000.0),3189)
((600000.0,610000.0),1581)
((610000.0,620000.0),1120)
((620000.0,630000.0),1222)
((630000.0,640000.0),1810)
((640000.0,650000.0),3265)
((650000.0,660000.0),1243)
((660000.0,670000.0),839)
((670000.0,680000.0),11388)
((680000.0,690000.0),686)
((690000.0,700000.0),895)
((700000.0,710000.0),1308)
((710000.0,720000.0),916)
((720000.0,730000.0),2678)
((730000.0,740000.0),857)
((740000.0,750000.0),1054)
((750000.0,760000.0),4424)
((760000.0,770000.0),1978)
((770000.0,780000.0),1123)
((780000.0,790000.0),3633)
((790000.0,800000.0),1222)
((800000.0,810000.0),4847)
((810000.0,820000.0),2276)
((820000.0,830000.0),799)
((830000.0,840000.0),2468)
((840000.0,850000.0),1169)
((850000.0,860000.0),1109)
((860000.0,870000.0),778)
((870000.0,880000.0),640)
((880000.0,890000.0),881)
((890000.0,900000.0),579)
((900000.0,910000.0),7230)
((910000.0,920000.0),715)
((920000.0,930000.0),627)
((930000.0,940000.0),518)
((940000.0,950000.0),2423)
((950000.0,960000.0),505)
((960000.0,970000.0),523)
((970000.0,980000.0),1157)
