((980000.0,990000.0),697)
((990000.0,1000000.0),778)
((1000000.0,1010000.0),2587)
((1010000.0,1020000.0),656)
((1020000.0,1030000.0),1438)
((1030000.0,1040000.0),868)
((1040000.0,1050000.0),1463)
((1050000.0,1060000.0),905)
((1060000.0,1070000.0),725)
((1070000.0,1080000.0),3252)
((1080000.0,1090000.0),760)
((1090000.0,1100000.0),768)
((1100000.0,1110000.0),421)
((1110000.0,1120000.0),1009)
((1120000.0,1130000.0),4199)
((1130000.0,1140000.0),492)
((1140000.0,1150000.0),301)
((1150000.0,1160000.0),379)
((1160000.0,1170000.0),365)
((1170000.0,1180000.0),474)
((1180000.0,1190000.0),586)
((1190000.0,1200000.0),478)
((1200000.0,1210000.0),431)
((1210000.0,1220000.0),427)
((1220000.0,1230000.0),1224)
((1230000.0,1240000.0),599)
((1240000.0,1250000.0),268)
((1250000.0,1260000.0),1642)
((1260000.0,1270000.0),532)
((1270000.0,1280000.0),263)
((1280000.0,1290000.0),2865)
((1290000.0,1300000.0),516)
((1300000.0,1310000.0),789)
((1310000.0,1320000.0),688)
((1320000.0,1330000.0),532)
((1330000.0,1340000.0),385)
((1340000.0,1350000.0),343)
((1350000.0,1360000.0),2690)
((1360000.0,1370000.0),99)
((1370000.0,1380000.0),197)
((1380000.0,1390000.0),172)
((1390000.0,1400000.0),172)
((1400000.0,1410000.0),111)
((1410000.0,1420000.0),148)
((1420000.0,1430000.0),137)
((1430000.0,1440000.0),419)
((1440000.0,1450000.0),192)
((1450000.0,1460000.0),188)
((1460000.0,1470000.0),503)
((1470000.0,1480000.0),106)
((1480000.0,1490000.0),233)
((1490000.0,1500000.0),232)
((1500000.0,1510000.0),391)
((1510000.0,1520000.0),305)
((1520000.0,1530000.0),350)
((1530000.0,1540000.0),237)
((1540000.0,1550000.0),1430)
((1550000.0,1560000.0),96)
((1560000.0,1570000.0),148)
((1570000.0,1580000.0),974)
((1580000.0,1590000.0),72)
((1590000.0,1600000.0),55)
((1600000.0,1610000.0),51)
((1610000.0,1620000.0),87)
((1620000.0,1630000.0),107)
((1630000.0,1640000.0),106)
((1640000.0,1650000.0),143)
((1650000.0,1660000.0),27)
((1660000.0,1670000.0),119)
((1670000.0,1680000.0),61)
((1680000.0,1690000.0),160)
((1690000.0,1700000.0),47)
((1700000.0,1710000.0),35)
((1710000.0,1720000.0),126)
((1720000.0,1730000.0),408)
((1730000.0,1740000.0),60)
((1740000.0,1750000.0),47)
((1750000.0,1760000.0),103)
((1760000.0,1770000.0),672)
((1770000.0,1780000.0),78)
((1780000.0,1790000.0),44)
((1790000.0,1800000.0),38)
((1800000.0,1810000.0),931)
((1810000.0,1820000.0),33)
((1820000.0,1830000.0),68)
((1830000.0,1840000.0),23)
((1840000.0,1850000.0),35)
((1850000.0,1860000.0),20)
((1860000.0,1870000.0),29)
((1870000.0,1880000.0),36)
